5.079543308106337918e-03
5.644925779257903287e-04
-1.749146938778700644e-03
3.937472126458452237e-03
4.515952602979211861e-05
-1.685060582434783072e-03
4.239743772438409053e-03
5.953520719970128994e-04
1.643587461397366667e-03
-6.500301411915820893e-04
-9.789015297245740044e-04
8.462909582451771939e-04
-1.040515670214237076e-03
4.508170164951863512e-04
1.006434012218448970e-03
-8.852416397253648483e-04
-5.434121786995760317e-05
2.969353005699559844e-05
4.221349005018026901e-04
1.523304433259653479e-04
-8.769715556966595216e-04
1.641329677171121659e-03
-9.461604411509227930e-04
2.586124776793319313e-03
-1.853739964485789926e-03
3.562600928552761559e-03
2.748279279773946371e-03
-2.459964670487035932e-03
9.044516814382674852e-04
-1.246595549364570843e-03
1.492335326891414127e-03
4.889868588930923465e-04
-8.505559254134986702e-04
4.717360423245331447e-03
-1.956340878395135263e-03
7.665379624155477245e-04
3.321823019986069880e-04
1.310071229210230115e-03
-1.520218302020204248e-04
5.542712008699268722e-04
-1.535160978616278982e-03
2.270944596749480127e-03
-1.226376368457238186e-03
8.812749632491900798e-04
-8.543950915651521427e-05
-4.450416527967959723e-04
-3.185913965975117890e-06
1.397707774253298396e-03
3.079097493441373956e-03
-1.576005567782701178e-03
4.075482102461336353e-03
-2.037599153958957743e-04
-1.424598298738199986e-03
3.688854721572987216e-03
-3.036706054515558861e-03
2.633644560612324881e-03
1.390694121172764142e-03
-5.306693430229270092e-03
3.805403713696975387e-04
9.446849761118869537e-04
-1.629651400714138276e-03
1.063592652728040377e-03
2.339283092012145460e-03
1.172697233875474865e-03
-2.074577201083283029e-03
1.385132397602184540e-03
2.160986961374788962e-04
-1.490327838549188044e-03
3.119100418991216372e-03
-1.594666241755415825e-03
-3.420679830057338222e-04
1.910002739347049783e-03
-1.399327040119136001e-03
1.462207087787881221e-03
-4.142986361088674130e-04
4.353606911378093969e-03
3.459113528947455052e-05
8.759916398703992968e-04
-1.644841575965116931e-03
1.533268168540935505e-03
-2.069727888298622531e-04
-1.279931705000514341e-03
3.434415554570691143e-03
7.160274344553130277e-05
5.969772955971563988e-05
-1.026866255782188375e-03
-7.080500208367368487e-05
2.893744355247918065e-07
6.359750920337248203e-04
-9.187300062163394898e-04
2.999800179437350778e-03
-8.491459888904095976e-04
-1.616527058767580627e-04
-7.478836181129544514e-04
2.814799617611996041e-04
-5.599253782406776736e-04
3.644700219318508516e-03
1.071095748184092145e-03
-7.290956439032214575e-04
4.056932652263256500e-04
3.024462517764447966e-03
8.263794472274099689e-04
6.698933135051987620e-03
-2.921460482541160530e-03
-1.102810252984198769e-03
1.117753780133234898e-03
6.045936982834732021e-04
-4.451000466976218206e-04
5.522067704433197832e-04
-6.164443958844856297e-04
2.132087133155380343e-03
nan
nan
nan
3.150967358056533385e-03
-7.137125628720042414e-04
1.509652343023581977e-03
-1.410792013611938955e-03
2.786069237736832349e-03
-1.758647474836561031e-03
5.335077841728264048e-05
3.755585769260605389e-04
3.241188494818025845e-03
-4.342445674210271278e-03
2.281012597649123563e-03
-1.109933860821143981e-04
2.266316697929759982e-03
8.285681855069171320e-04
-2.097379752896699756e-03
-4.203473547848002312e-03
-2.036787450332422367e-03
-4.658382709299413449e-03
-5.766624384229146472e-04
9.023990422907246511e-04
1.651009042902273904e-03
-2.995447944953433250e-03
2.950635236009802043e-03
-2.163930508436440192e-03
4.356341312949929545e-03
3.167809640824970074e-04
-6.530864002929348544e-04
2.179752026298942269e-03
-1.673491015219408240e-03
2.592988918603822412e-03
-1.904696338428379931e-03
1.900565305046342246e-03
-1.061338330632377591e-03
2.880039168084991275e-03
5.722801157403978323e-05
-8.247390676063837134e-04
3.227275677808449927e-03
-4.116093785921925985e-04
2.220681692510773075e-03
3.902755928275603026e-03
2.474824295717326095e-04
1.139118595117061261e-03
-1.827453085556651757e-03
3.436920398924847575e-03
-3.628531195698503353e-03
-4.530395217750005088e-04
1.539772979675113618e-03
1.658771696622096670e-03
-1.541460237464153948e-03
1.269312119878129863e-03
-6.448912094669800865e-04
1.816747589189482426e-03
-5.594710224432475343e-04
-2.619864518027537059e-03
2.777928430708342944e-03
-1.512422801808188666e-03
1.587354085064163201e-04
2.132110607044879202e-03
-2.317269070895022764e-03
2.896499182392098248e-03
1.088169700103058801e-03
1.247887368349687165e-03
5.776172084859254596e-04
-3.728778612921423985e-03
2.311185640802015939e-03
2.416845937158740298e-04
1.481025851535200388e-03
-1.315735894769076708e-03
-3.040503425921770031e-04
6.203394308013088221e-04
1.716338399027073081e-03
-3.399163609296707023e-03
5.716717671711002424e-03
-4.023794583007944681e-03
2.902528601977927281e-03
2.211325594103641379e-03
5.177944130574374526e-04
-8.727690129273213415e-04
9.092178129499473016e-04
-9.314564684448356502e-04
1.724313464968041387e-03
1.905278499791940305e-03
4.727168383400481844e-05
1.860911846129909009e-03
-2.275234359550015739e-03
1.702354888455381854e-03
-1.999153460585656461e-03
4.212149976146051245e-04
3.402081967052161815e-03
-4.807430997344486201e-03
4.781165978351431534e-03
-5.603253562136423227e-04
-2.284818593212278870e-04
3.749457154977875462e-04
4.322945425561108834e-03
nan
-2.448090730911012258e-03
7.678560886126284402e-03
-2.875749345121469958e-03
8.038566792434309605e-04
2.652776824385583154e-03
1.951722034920777560e-03
1.096978386150304630e-03
5.314506177356292937e-04
2.762909257159051890e-04
9.891057823230298141e-04
1.335131551583046416e-03
-2.428484568450794967e-03
3.043526166734977778e-03
-1.344636831746015559e-03
1.430702327720467792e-05
2.009674160907692908e-03
2.830711804580055002e-03
-1.418378852258150857e-04
4.973939235597413244e-04
-1.434110363363050311e-03
1.033802432437447294e-03
-1.740569702912697636e-03
3.128143736685906617e-03
-1.205124438130589226e-04
1.442170374676976508e-04
4.479376040089633193e-04
5.802352697426016448e-04
2.560657695038770498e-03
-1.435253042592066208e-03
3.087456088168849533e-03
-2.085983777921907034e-03
2.066418102031342130e-03
-1.578019314518730454e-03
6.145921952471766758e-03
-3.705533016384876532e-03
5.957223438546321859e-04
5.904960476144083259e-05
-9.534684823342409743e-04
4.199203761379166622e-04
-7.386593514624451018e-06
1.258476967347377240e-03
-2.174291798606731163e-04
-2.981357816178586972e-06
2.116791770845338760e-03
-3.297748818920087643e-03
5.281972899484621564e-03
-4.685968482542879343e-03
-4.293432606461422552e-03
6.966119456408570443e-03
nan
-1.054020143809175636e-03
6.092770657106783005e-04
2.160564254594099509e-03
-1.447236342089208705e-03
2.347243655953512587e-03
1.604358962103979991e-03
-2.199933553992394764e-04
-1.413595475074913566e-03
-3.174640673897499710e-04
1.391775734327360681e-03
7.740611394302376880e-04
1.035546874583737065e-03
-1.074894918839941482e-03
-3.196927362059120981e-04
1.025095091766736743e-03
1.429098026606290261e-03
-1.369650977223191290e-03
1.860156005895063913e-03
-7.600431927934359067e-04
-1.758039954802281812e-03
1.544600727965139697e-03
3.468402190032193744e-03
-3.138730570451109259e-03
4.969431905776922065e-03
-3.790076743992454311e-03
3.962132330181944440e-03
-1.287113687409302543e-04
-2.947946600773132531e-03
3.283944599807853137e-03
2.061181272527967678e-03
-1.403105249009328759e-03
3.212483088588236058e-03
-2.599449093809713673e-03
2.584174972142250226e-03
-8.786071776234471997e-04
-2.276616641427864351e-04
3.668365159725794911e-03
-4.681706930131923627e-04
-2.270332793796736581e-03
3.950386326723176467e-04
4.604457255008576055e-03
-2.580233181648239338e-03
1.166268719976493173e-03
-1.753726308617586938e-06
-5.292597004769028501e-04
4.500563258136303091e-03
nan
1.455210836098785876e-03
-6.218481521824692493e-04
6.835523267079146592e-03
-2.640410842136287073e-03
1.067703114876472625e-03
6.710648574381750109e-04
1.098643410313293600e-03
-1.844388479277370152e-04
6.726004622858994253e-03
1.062332511581054462e-03
-9.110830197833763577e-04
-1.308759201013032225e-04
-1.857284137118941914e-03
2.161275744083646089e-03
2.002533942846440596e-03
-1.084372375781406106e-03
2.103110674256392087e-03
2.370897277170769257e-04
1.792623565100015526e-03
nan
-2.060862358788106974e-03
4.008796169263639797e-03
-3.722195655775362155e-03
3.405110761156571186e-03
-8.940323961259544205e-04
-4.115258014913969475e-04
1.804592675380689570e-03
-2.384014688994184894e-05
-2.241676291758754047e-03
-4.791385483116084032e-03
-1.141974154549307841e-02
-1.735335925635572707e-02
-1.306709050247212289e-02
-3.386936261262629699e-03
3.277488312414256200e-03
-5.114701621666828402e-03
3.209806552217919773e-03
-6.557073448210104516e-04
1.714242444328384352e-03
-2.892540701182610974e-04
2.531248713388833949e-03
-2.624359673886189626e-03
1.454393099642459219e-03
-7.047703986851061586e-04
2.694187761687061311e-03
-7.905014188791525953e-05
1.488956239925620650e-03
-6.628426333288306438e-03
-8.168023845067651223e-04
6.292083217784849580e-04
1.229288568271869053e-04
4.317489376903793641e-04
7.591048651889309440e-04
3.294494654859647653e-05
8.646907206255605161e-04
8.212606036561709288e-04
2.682162882239325086e-04
-7.991406192897620997e-04
-7.632424645298563348e-04
4.548113631708261551e-04
2.267073618789083866e-03
-3.754096460029110460e-04
6.552225366274200269e-04
-1.401285283042508212e-03
2.200749609104768467e-03
1.431069849511246161e-04
5.868968925759610045e-03
-6.131237968898251012e-03
2.219916349743833450e-03
4.821617370587283347e-03
3.815059379519425420e-07
4.782387020396683397e-04
-9.563456330186070886e-04
5.423067077847676387e-04
2.627422442791349511e-03
9.281895071211465620e-04
3.892522342008319924e-04
9.584731712752869726e-04
-2.318457774597160181e-03
1.968514802208609638e-03
-4.401793669117637364e-04
nan
nan
nan
4.916311236047299360e-03
-1.686269519018956942e-04
1.562402423838094023e-03
1.813437725850519655e-03
-4.520625596859950690e-04
-2.664378594419147817e-04
4.391938359482594478e-03
5.873977873660507498e-04
-2.561155661995329069e-05
2.420563524929697508e-03
-1.351274501470989264e-03
1.016812116461096593e-03
-6.591412577972022291e-05
-2.704280570697825681e-04
1.359577423243329974e-03
1.835798861593573861e-04
1.516944691037913628e-03
-1.932004418714328153e-03
5.826594313473876241e-04
2.495258362156249632e-03
-1.006547217263786820e-03
-7.835458353366853146e-04
1.134071939623559899e-03
1.191214267293183582e-03
1.540380554465592411e-03
-2.182715245524491365e-03
5.674663043175875998e-03
-3.086768599747102826e-03
1.173178440971867076e-03
1.592251957749368785e-03
-2.911736931976438569e-03
1.811716232347215794e-03
2.120983025100109387e-03
9.925677654010200968e-04
8.321424020962808754e-04
2.125428760546554940e-04
7.350247567483592093e-04
-2.370810900031994350e-03
1.075142489259661716e-03
1.069096089856280685e-03
-4.947332396088022222e-04
-1.842811388075293877e-03
2.135465133279446093e-03
-2.450042449364531194e-03
3.101368640900936668e-03
-1.562642818753179341e-03
3.488447024513341432e-03
1.681217802174117537e-03
-6.576863254781351031e-04
4.870484733099367247e-03
2.032712339583575556e-03
-3.584850890903101828e-03
3.971477740116746702e-03
5.530452847679612205e-04
8.628077130978795140e-04
2.262343906633823565e-03
-2.102937968884166509e-03
4.360088715404941695e-04
-9.226841677367758621e-05
1.924435331512874825e-03
-2.620609474546231610e-03
-6.639525982565785966e-04
1.762769139079800595e-03
-4.422255993397072871e-04
-6.124433722165534277e-04
-1.255940640709773959e-04
-2.210254235102127041e-03
3.583637249571225425e-03
-3.526613429161162827e-03
3.710796161282559069e-03
-5.554578153321720890e-04
1.047416606470008560e-03
-7.404069139016478118e-04
-8.824217525460475997e-04
3.336307367685087399e-03
-2.228217550026556637e-04
1.813597725552895668e-04
1.609562674920184122e-04
-2.866967008574583531e-04
-1.964459302550292108e-03
1.711790546377045530e-03
-2.437149035661168028e-03
1.275323748539669566e-03
-1.125773450516565077e-03
-3.659763018748485308e-04
-1.077768994861560969e-03
-9.779151737832059155e-04
5.019202946598966264e-04
1.297401297661870956e-03
-4.868563923676738625e-04
2.959404059810211152e-04
-3.150021441555850288e-03
4.818391498440099951e-03
-2.547915125117317103e-03
1.263930758899078910e-03
-3.093174931412256967e-04
5.324219760627357800e-05
2.470946656218941939e-03
2.577222954713853653e-03
1.351218221423700072e-03
4.789334711396975308e-03
-1.424170884944953031e-03
1.229268506475200695e-03
-3.222413519687883365e-04
-1.168773423243507636e-03
3.632111212681365942e-04
2.719228733405465448e-03
4.908480262022507645e-04
-1.079665951464470197e-03
-3.592777554017878572e-04
4.852238255415031176e-04
2.501675522292856613e-04
-6.109793666553287039e-04
-1.325723089407038202e-03
2.518534168993724620e-04
6.489556024402709511e-03
2.074018693676293879e-04
2.127103578697386865e-03
2.590000948377024770e-04
-8.981766852378392230e-04
3.216768142744186321e-04
-2.309677160794443296e-03
2.779286075971221237e-03
-4.330589293943809537e-04
-1.082032637178542700e-03
9.734017852869314424e-04
1.705099886595284886e-03
2.085187364864182769e-03
-2.907471213553503020e-03
1.641079531955469406e-03
-1.219619057213350288e-03
-1.051513092886757761e-03
3.327128371277687791e-03
-2.365081968713766969e-03
3.703217317885254545e-03
-3.851552909139854819e-03
1.678136103833161030e-03
4.077778339439674937e-04
-1.326669078050013439e-03
-2.372410334072760918e-04
1.100620373017946463e-03
1.777838631555894722e-03
nan
nan
nan
nan
nan
nan
nan
3.306648033474246517e-03
-1.158950906121614111e-03
-2.220108987460722716e-03
9.708911577588352770e-04
-1.233947254963840834e-03
-8.156478663923216743e-04
6.073950945761907860e-04
-1.304721780803763664e-03
-1.007525484386651016e-03
1.744940914849557601e-03
-3.750196078289302903e-03
2.183839648250973653e-03
1.392051122306448008e-03
-5.235654360724595335e-04
-2.585442995584052994e-04
-1.778218470493975190e-03
1.904795182672280873e-03
-2.973857536225921194e-04
5.257971985384024549e-03
-6.332742107562072675e-03
1.634875679457081787e-03
1.371128258376153042e-03
-2.573311944364942150e-03
7.088145407729840031e-04
7.244748999823968916e-04
-1.319174109404297468e-03
2.352345924716559011e-05
1.180359732355640290e-03
-2.654209727626088977e-03
1.579275920549072509e-03
-2.889235156589009534e-03
2.181600408879269537e-03
-3.215333957651278496e-03
3.583695219600002702e-03
-3.465085115761379342e-03
1.804332189658808261e-04
-3.668089627928416974e-04
3.265505346683461596e-03
-9.109402100637709054e-04
6.917810361217746618e-04
-8.071325363623316207e-05
1.336118333483682363e-03
-1.911450972702510853e-03
1.086123651106163379e-03
-7.524077617282465269e-04
7.848319499847988823e-04
-1.544519328344762243e-03
2.831147790249843865e-03
-1.223939829475551022e-03
-1.451501125659948599e-03
3.821680704563235054e-04
-5.260497677128661564e-04
9.592404130787102190e-04
2.087968283603913733e-04
-2.879434121416668546e-03
1.489680287058980923e-03
-1.494571310600711911e-04
3.161101534532306800e-04
-8.483818460525149874e-04
2.981195876117226362e-03
-1.260880739495373604e-03
8.458378533804378208e-04
1.339535118738410802e-03
-8.882281828936910983e-05
-5.035576517542494912e-04
1.264172038606403703e-04
-5.771465713011458831e-04
1.714767957716745173e-03
-1.393497686208444719e-03
2.980942300823130608e-03
-3.200278516890531222e-03
8.394829903668465931e-04
-3.578804799297952144e-03
-9.360235392330551463e-05
-1.155895653570659931e-03
1.514666797075570059e-03
-3.420047278668292279e-03
4.973551240405882368e-04
1.010461987260846684e-03
-3.479434834485761741e-03
3.016256380572457374e-03
-3.876918769163406608e-03
3.222004540304190812e-03
-3.595584980686794552e-03
3.284369464839898001e-04
6.579813116802668560e-04
-2.350364817116368243e-03
1.869227954465202401e-03
-2.004602023741863803e-03
3.543014919848985755e-03
-9.422357190036478869e-04
-2.025269959970987799e-03
4.196690024760307836e-03
-2.161299722214238272e-03
2.170054082117900407e-03
-4.239322616172991331e-04
-8.075153737130413845e-04
-1.539709822850898746e-03
1.393201832455837064e-03
-3.480868544403215026e-04
1.579814338348306535e-03
-3.236738428880059359e-03
2.057555415913014940e-03
-1.640352145360068903e-03
-1.656363643209868286e-03
3.594513502580554132e-03
-2.116740427160479499e-03
1.269167728956688279e-03
-2.427084236511500848e-03
2.188234498512464654e-03
-8.544942070143335400e-04
6.943408587423149925e-04
-1.473550861863515138e-03
2.366630923678059162e-04
4.480230271219909355e-05
-1.654218441560217912e-03
-2.614014450674773116e-04
-1.562624557704950234e-03
2.432029000720703493e-03
-1.524877434511129337e-03
-3.005333520156305838e-04
1.906233289261649588e-03
-1.552863955700534149e-03
-2.002127614153526025e-03
3.604170419002628023e-04
2.701055175302613520e-04
1.157361119630273549e-03
-9.635680975783600388e-04
8.797969417440043571e-05
-1.492605674946467786e-04
2.145115191920510256e-04
8.682666127413085633e-04
-2.530043817783322879e-05
1.880872860327009732e-03
-1.578343145414162763e-03
-9.514226332107966755e-04
2.150229627684296929e-04
2.090591961367849194e-03
-6.239885981806914117e-04
1.223547958884019238e-03
-1.225469938082035526e-03
1.471284823462148950e-03
7.848612552097122830e-04
3.991319456497777196e-04
-1.335795866952427247e-03
7.384742005678290866e-04
5.343059812368267103e-05
nan
nan
-6.387527681228633014e-04
6.283244272653476514e-04
-1.557247713801501732e-03
1.590191452405242956e-03
1.241858550660168703e-04
1.252418365460528094e-04
-1.868149023831477962e-03
1.875405167095500758e-03
7.121405983578910082e-04
7.148026131220674984e-04
4.087636496619140303e-04
2.338922570954693470e-04
-1.977788638718447345e-03
1.338007034212829183e-03
-1.668207982874481132e-03
5.212526472875289585e-03
-3.859864326916095933e-03
1.666210408535206966e-03
-1.169501998299349310e-03
-4.966363455594091647e-04
-8.116527355328528870e-04
1.636983933606117603e-03
-1.745730686808499854e-03
-8.740405962770481096e-04
-6.139483280653834640e-04
1.666465893079838168e-03
-2.480482282518625681e-03
3.664424129490306825e-03
-1.749107015913686780e-03
7.217323063857250531e-04
-2.072850722301122772e-03
2.389369830146925722e-03
-1.344841959705078693e-03
2.493369922462740362e-03
-8.705082026883026458e-04
-9.819783557962757925e-04
2.652633822131100771e-03
9.428256841248483511e-04
-2.383472340261594269e-03
1.700601930365586156e-03
-5.659675949676312712e-04
9.959605471676624688e-04
1.253275426837952011e-03
-1.716514169203264828e-03
-5.132118378714523033e-04
3.404720522803827976e-03
-4.848274361390902953e-03
1.933333286197047585e-03
-7.962071490230648863e-04
5.205687237941347689e-04
-1.876057188876512072e-03
3.020633844297293535e-03
-1.129769263097379906e-03
-3.039514744440641181e-03
4.651105784025943990e-03
-2.852156868793365163e-03
nan
8.253441081684798064e-04
7.244060819200370815e-04
-1.353316388952308102e-03
4.227614614982222463e-03
-5.509031514494555637e-03
4.503056225679813451e-04
1.963003584348754771e-04
-1.245739423261227330e-03
2.617253467662727928e-03
-2.974687085932625763e-03
1.778436641663994067e-03
-2.071259702018934945e-03
4.742496213760993840e-03
-4.741450913980926885e-03
2.164504593982208291e-03
9.309211528751859532e-04
-1.304459984474704015e-04
-5.329669563902683649e-04
8.521091002799963121e-04
-2.325844792283593421e-03
1.288483116934635575e-03
-6.550595132881475990e-04
-3.233726775797585162e-04
-6.311119441493318050e-04
1.807790613228554832e-03
-1.154686110638181162e-03
-5.951521623748234902e-04
7.133021083571833287e-04
-5.096017935746210981e-04
1.472277114888953520e-04
-1.994842036256994078e-03
1.819610721098818829e-03
-1.027822647758913632e-03
1.156598679608045188e-03
2.929634270931735784e-03
-1.887573751713222947e-03
-8.270971829982265433e-04
4.800444958430460929e-04
-1.894756908626948899e-03
1.822820176911044143e-03
3.479191309452289715e-03
1.679579834323874366e-04
-3.058128988153718808e-03
2.607788516395537215e-03
-2.468542419908903440e-03
2.441200125402609444e-03
-2.789187195240128148e-03
2.409462560404307396e-03
-1.101673381254109074e-03
3.576781253622485224e-04
5.026178546918558254e-03
-1.930592734034064506e-03
7.450807139930404333e-04
-2.506126225443328082e-03
2.577935234104877793e-03
5.172409508924502575e-04
-1.212258898830587128e-03
1.257190447701006519e-03
-1.641981969524586304e-03
1.353491329458833548e-04
-4.421136768906208658e-05
-7.241114472922305367e-04
-7.353015168742871310e-04
2.093695464289169195e-03
-1.390781186172418415e-03
8.146858351709695967e-04
-4.654349656241230093e-04
-9.129915745997863041e-03
9.188753478550637510e-04
-1.849517446272930243e-03
1.305336933632439411e-03
-1.282031244076442533e-03
7.288388151449609609e-04
2.728758723158364319e-03
1.701855524038897727e-03
-2.363470485899910045e-03
3.342397787009510068e-03
-2.850221648198481006e-03
1.719684870349347250e-03
-2.975872526622680425e-04
-3.678106779037015883e-04
2.094832519716760544e-03
8.033259792927793796e-04
-1.145173160110868338e-03
7.141254793952001023e-04
1.937753776615203094e-03
-2.366686647137239419e-03
1.012014526513560497e-03
-7.997876765308831182e-04
3.267501634796055043e-03
2.135219667942500621e-03
-2.671867148473783260e-03
6.328513629494381121e-03
-3.305268444786513271e-03
2.848281525658080682e-03
-2.007251428726153364e-03
3.632490457827763919e-03
-2.251800025598882371e-03
1.519309903685872598e-03
-2.101674338816916787e-03
3.019507616208727541e-03
-2.409018494564652002e-03
5.081648386306980569e-04
-4.711142576829807638e-04
1.168332251855197512e-03
1.230516248651447597e-03
-1.071894633086767357e-03
7.344202250791909137e-04
1.064722375065940696e-03
2.549445811506068083e-03
-7.972289605806537338e-04
1.882896585336801820e-03
-1.131454119474017972e-03
3.766853389985946876e-03
-2.228831406625442213e-03
2.174502049823168193e-03
-6.898026029489301436e-04
1.629380874224040099e-04
1.376698378852125870e-03
-1.484203909107861818e-04
-1.115300631326920922e-03
1.461115365253284892e-03
-8.907050414508344005e-03
-5.055101072692913533e-03
2.908910248611284999e-03
-4.415802644419652978e-03
3.989060155573653788e-03
-4.457602605334454182e-03
5.476111419877582875e-05
2.879877104122741116e-03
-1.647830046946907601e-03
2.375261976705900224e-03
-4.500252718031561017e-04
-1.701755842498098303e-03
2.451008441828328444e-03
-1.406329347530821394e-04
2.077158899549402804e-03
2.145822520849272053e-03
-2.216115281172825746e-04
8.739842227711847045e-06
6.596488741683614876e-04
-1.385866474734598341e-03
2.383466625821561991e-03
7.096980466192448489e-04
-5.577965251690741866e-04
7.422701120418651044e-05
3.004643299142628621e-03
-3.650597208193495646e-04
-2.858654903903357081e-04
3.700362167768922461e-03
-1.625937086868756154e-03
-6.994685459615901379e-04
9.828105162368316883e-04
-7.198554495491116256e-04
1.446181614972452678e-03
4.132283129454350501e-04
-2.766165110168472552e-03
2.052020704468304757e-03
-2.416012823491797690e-03
7.854415901897837671e-04
-4.386816729540221615e-04
1.971266830391726899e-03
-1.805661670506442107e-03
1.966443740397672002e-03
-1.142357063355081692e-03
2.134451757584976406e-03
1.571204480010912619e-03
5.021212041933509340e-04
-1.429305920730428170e-04
1.599714047073597101e-03
-1.327928849603754458e-03
-9.101771784036927215e-05
-2.900923002879807200e-03
3.402011830000439829e-03
-1.524848249889743101e-05
-5.405230108390668420e-04
8.343818977074590748e-04
-6.502054871182494367e-05
-7.254224937969233622e-04
1.569645765653326919e-03
-1.934388024482647239e-03
2.660529202169747975e-03
-3.770247185008734903e-04
-1.830914850142750794e-03
2.239554719740688427e-03
-4.013608390118772462e-03
nan
6.484466384493181579e-03
-6.368042535842555196e-04
-1.650297303090741963e-03
-4.237781529026207750e-05
-4.413755178345191155e-04
-3.683157059963804159e-03
-8.263850251877258302e-04
1.581146197304761358e-04
5.187096552061731813e-04
-2.708724293420949891e-04
1.046783052549571380e-03
3.471714081904053728e-03
-3.819311874753150704e-03
5.023285508842789682e-03
-1.120788097874747535e-03
7.691366833872947950e-04
-9.597859214949266971e-04
-1.345677044795046129e-04
2.990976696559677350e-03
-3.157005534637491451e-03
1.457602385546152846e-03
3.986875448669380262e-04
1.120245432195687840e-03
7.320346847805581092e-04
-6.335608045859864035e-04
3.614985866873254849e-04
-1.063867689621300627e-03
3.614305917065685492e-03
-1.456234322516625213e-03
5.162328334806787211e-04
9.014272661644895379e-04
-1.249805517511415331e-03
1.547059437778663948e-03
-5.147636769842200977e-04
8.773237490045104892e-04
-5.531237795453058936e-04
-3.072750660038092718e-03
2.730044613019622091e-03
9.260315530612572843e-04
1.397368448508018446e-04
2.129883382107067291e-03
-2.420896585053622374e-03
1.936806071523022865e-03
1.517785496751855590e-03
-1.499280471028985318e-03
2.239353111188613354e-03
3.415199997691686917e-04
-6.604756177752690860e-04
1.363569128121078222e-03
1.489176049807028335e-04
-1.301034509737508671e-03
1.563657701142417977e-03
-1.287743452349499051e-03
2.470691921341305886e-03
-4.736149887940577230e-04
1.951471153849304585e-03
-5.835726385416961648e-03
-8.999087860561694185e-04
3.176312820363236256e-03
8.929550474601199994e-04
1.449909720774300581e-03
8.770808856306544499e-04
-2.488875722705952143e-03
8.495500255500942899e-04
-1.028022084470503472e-03
2.279235652280497959e-03
-1.841927008694455026e-03
1.184035430346064288e-03
3.307011606268339676e-03
-3.519375471849883752e-03
-5.959901967944603030e-04
-5.311929707207951878e-06
-1.106519794868976447e-03
-9.905618051364584176e-04
3.059100340552234343e-03
-2.140109674986234722e-03
2.332840157159843386e-03
7.340174648318154027e-04
3.003128676182242884e-04
1.304621673137162929e-04
1.696684597796149774e-03
-1.554740891629435851e-03
2.616521172393859729e-04
2.828633106410904929e-04
2.806093048590696526e-04
-1.332398742748264198e-03
2.935197315379056704e-03
-1.646690283096940988e-03
1.631318601824638392e-03
9.249073668504692591e-04
1.395362069156469431e-03
-1.583041737751589295e-03
-1.483985787453789840e-03
-5.297714399943309616e-04
-1.611089206188243139e-03
3.450577533303800237e-03
-3.208085949513161950e-03
3.299770982767569194e-03
-1.916701213755533928e-03
-2.405688053963572770e-03
3.216346333090314147e-03
-3.247375286563602970e-03
1.685630828029971440e-04
-3.838050297133577260e-04
1.255283072709723058e-03
-1.633920110488684685e-03
1.948079881253228507e-03
-2.035172776448934684e-03
2.478826271001821624e-03
-1.356377700778566009e-03
5.808171207988266360e-04
9.442355713540351303e-04
-2.467990929932994959e-03
1.331375986213245710e-03
-1.302387536694649128e-03
4.547180907810144390e-04
-4.769524116543522041e-04
3.166421334688251932e-03
-7.768738204405600811e-04
1.338641555714836784e-03
4.955059507816272912e-03
-1.408217121289245810e-02
-5.261592064376152678e-04
4.991885570904130986e-04
-9.859316213112201410e-04
-4.099585299011110351e-05
-4.301728402156257403e-04
4.863873909854987687e-04
9.866685737325298078e-05
-3.915912159424550509e-04
2.083041570544175158e-03
-2.401270515317577292e-03
1.703882814285684333e-03
-4.735991456339405659e-04
2.968426384186706457e-03
-2.400327753104836148e-03
7.780575364657593695e-04
6.398831799536708331e-04
-6.261689782682822170e-04
7.259768833423052570e-04
-1.969852417738060524e-04
1.489716167490939824e-03
-1.579381607064167525e-03
1.597603521918955494e-03
-1.188418860009754496e-03
-9.433716870788089182e-04
1.517523199545678381e-03
-1.150473609945468212e-03
5.040394321254026977e-04
9.246172081089909511e-04
4.290418023078501619e-05
4.849981654508894735e-04
-1.314837613275443573e-03
1.703880715209216135e-03
-1.342738349008332222e-03
4.659342889734574555e-04
7.552251790610142734e-05
-2.399596649349522437e-03
6.389865950984230381e-03
-4.384174568772269964e-03
3.753308279508260625e-04
1.539715394183183150e-03
-1.453395441719518288e-03
-1.016284973509584688e-04
2.827503492963678866e-03
-5.932031340249999118e-03
1.768167469151649129e-03
1.300739586862498243e-03
2.267721345372564201e-04
-2.146486958953808255e-03
3.434077526498491295e-03
-1.727136138474083538e-03
1.423554085455691620e-03
-1.821181475036848241e-03
4.868733125773516690e-04
-4.016652935812103919e-05
-6.440912052041447566e-04
1.304224546050392064e-03
-3.809546492972160081e-03
6.496202126671235533e-04
-7.032239554016772587e-03
1.185969006232134859e-02
4.532545400182108608e-03
-2.570706040982972951e-03
4.075390456304006648e-03
-1.585331746978280165e-03
-3.259719825388085468e-03
1.675222761643446745e-03
4.999310265541012654e-04
-5.449731185547257439e-04
-8.196751797306944809e-05
-1.059819311866050384e-04
2.042170925342645660e-03
-6.576750397280228810e-04
1.369443730858677100e-04
4.003239149508175387e-04
3.080574979330563679e-04
3.739055635110233311e-04
-2.227961499168262804e-03
3.066823643771421359e-03
-3.997815704959162275e-03
9.953489132907833437e-04
7.105499218118538352e-04
-6.067261358655429149e-04
1.636671401539224746e-03
-1.414812761701966792e-03
-4.315064831339476825e-04
1.011248809246190206e-03
1.825063677629579217e-03
-2.453124682144647295e-03
3.720100224802180833e-03
-3.248596313143448100e-03
3.362120107541777259e-03
-2.095430441462209359e-03
9.911804736972840146e-05
2.814121956129511659e-04
-3.373702162190461706e-04
2.100145175121248542e-03
-2.359018036346416380e-03
1.535393392959605308e-03
-2.220050949530705253e-03
3.441099119472212919e-03
-2.917860000195560133e-03
2.953712156861243443e-04
7.702736913195451507e-04
1.011474865353356734e-03
-2.311972855240096436e-03
3.353787587045964358e-03
-1.357910698340791811e-03
7.689883432249189354e-05
1.506067818235479194e-04
1.440765557081391535e-04
3.355334009946808749e-03
-4.254055389307787038e-03
3.259890425755251897e-03
-1.350860250626251258e-03
3.948834318645566555e-04
2.580448243971744660e-04
-1.356980492051018672e-03
7.855003438583807451e-04
-5.033750118066393497e-04
1.873938872876124151e-03
-1.057343451604797480e-03
-1.745172806266737098e-05
1.588820658615652803e-03
-7.312219778454753794e-04
-6.041365972819789931e-04
-2.105446301192692715e-04
2.736551885429427955e-03
-1.297156522317433058e-03
7.800043185346439145e-04
-2.962956944030370465e-03
3.910832887243920197e-03
-3.410210629739562904e-03
1.930680139805573958e-03
6.422903016112258001e-05
1.821210952135388084e-03
-5.035946454678974504e-03
4.413556280202790560e-03
-5.132021498754912869e-03
5.083325402543970029e-03
-5.420305196690566873e-03
3.454954564396928163e-03
-3.189788638802149023e-03
1.835870746957901645e-03
3.139000801510860583e-04
-7.480346017163519434e-04
8.485988565176683096e-04
3.175330020477318271e-04
-7.601764006603950463e-04
1.985582728081247694e-03
-2.469427776796706553e-03
2.769638339739088906e-03
-1.048623407873261471e-03
2.408999765335373411e-03
1.178309621607809277e-03
2.611437678545769359e-04
-2.665383772226803671e-03
1.647435800888885638e-03
1.503075872655301737e-05
2.120922022985638478e-03
-6.690252290730835938e-03
3.196009116024356445e-04
-4.559134195591951766e-03
-2.655747654045637063e-03
4.668158871901084694e-04
1.007999449287311222e-03
-1.810883089148340730e-04
2.685010279290800383e-03
6.874762721764682283e-04
7.663945581048992040e-04
8.457895531721604243e-04
1.516171791515752432e-03
5.003093468625152695e-04
3.711782935011953555e-04
2.294161727922627847e-04
2.255902468828452356e-03
-3.557428946932006397e-03
1.803697180768892849e-03
-9.183308556370839426e-04
-7.350537548189706172e-04
1.758367369220081855e-03
2.629090174233184030e-04
-1.059991562346596083e-03
1.262060526197039678e-03
-2.480282534689237650e-03
6.644610609951584479e-04
-2.394403724992333338e-03
1.543479390031521348e-03
-4.960990447444579843e-04
1.221047172172973205e-03
-1.494357982456673284e-03
1.724045198314705374e-03
-2.521113803555241617e-03
6.820317066669190353e-05
2.500920205883438996e-03
-3.352581678939259291e-06
2.353424229362133246e-03
-1.814156416146683881e-03
-2.694036872963323503e-03
4.675327874692492003e-03
-2.683341099130043261e-03
2.488687766533104195e-03
-2.197932091529963827e-03
1.158507741805259172e-03
-1.006695946825786336e-03
1.548106830484563545e-03
9.667545624036932850e-04
-2.300093119822488319e-03
1.078190546177637543e-04
1.083276225366525125e-03
-4.511395218842473298e-04
2.021246934202913792e-03
-2.905063833802401518e-03
1.815763232992928522e-03
-3.454781710710008724e-04
1.624568547176075128e-03
-2.563689021928272638e-03
2.005028900775585043e-03
-5.521764899207859401e-04
-1.483891502229717219e-04
-3.736704570767024336e-04
1.491248595519856224e-03
-7.133353918775675595e-04
3.332132528122144777e-04
-7.205243631625002365e-04
8.766383579716929830e-04
-1.134736890096021966e-03
-1.997535141173845119e-03
1.740132188210452568e-03
4.205555224512380619e-04
-2.893738045228744227e-03
3.438294783286721668e-03
-1.062801454454476158e-03
1.170791269933246781e-04
3.241672471854251114e-03
-1.461097730715010812e-03
-2.408297585287932918e-03
-1.897603191503005604e-03
9.658321846517381459e-04
6.796260580754776015e-04
-4.323578315701404051e-04
2.309028566660487058e-03
-3.801909966616445757e-03
1.404223427581285932e-03
nan
-3.794313592542231106e-04
4.995689877107523102e-04
-2.082842661899064751e-04
1.196700958439045337e-03
-2.601391448386891625e-03
1.441673162427825616e-03
-5.827756505261127984e-04
-1.682528102175950835e-04
1.799722592954466904e-03
1.518596088878609862e-04
-2.338648628086303916e-04
-2.701522631054498191e-03
1.985086522959811361e-03
-5.943708706435124611e-04
-2.018043430807026084e-04
2.149038783261225660e-03
-2.013673806267046729e-03
-7.433990195093720388e-04
2.548231622956365072e-03
-7.323859416707989567e-04
-1.378577422928017882e-03
1.220381426580985362e-03
-6.272622803726868312e-04
-1.255764200980280521e-03
3.425955323721474599e-03
-2.905942872022393431e-03
2.681470599075197470e-03
-1.301143689313999374e-03
1.482609666880740917e-03
-2.576962642353297639e-03
9.490745094486996436e-04
4.131331876822130766e-04
-1.529953461709698814e-03
-1.736118508510742231e-04
1.687582749343441435e-03
-7.600582743072514802e-04
-9.945869910987781282e-05
1.800792960438002410e-03
8.615344165852079072e-04
-8.220908047085195847e-04
-1.958765332343848087e-03
-8.900478227324981617e-04
1.397019488758033390e-04
1.444376237969002830e-03
-3.132634958880053944e-04
-7.112719051405314019e-04
3.340838033327742096e-04
2.083839519495533921e-03
-8.958255111046753427e-05
-2.044966278424986683e-04
1.175151798249451929e-03
1.023156801216451584e-03
2.451188802599091332e-04
-5.811224286333960265e-04
4.604573010213997009e-04
1.082474653912868234e-04
-7.162326769005744609e-04
1.622700676962018917e-03
1.093999794532507508e-04
1.079439076656640850e-03
6.792594685389730103e-04
-7.899390258248040197e-04
4.769988941899505619e-03
-5.541450529555902449e-05
-1.262253569112026241e-04
1.945389418445131469e-05
1.809231611193951039e-05
-8.111339193650479729e-04
3.249113262437930416e-03
-1.519594284327130396e-03
7.829506177836620395e-04
2.018755785981873885e-03
-2.672397390190983657e-03
2.108054857208330191e-03
1.832881732388713658e-04
-1.844471936562896985e-03
1.175479928039457889e-03
-7.514162011168501465e-04
1.718787168702995416e-03
-1.872657881329953256e-03
2.009765448618416883e-03
-2.824266921108709028e-04
6.222163741576025586e-04
1.841373766131582101e-04
2.777291533351267105e-03
-1.953917629204937612e-03
1.022634956049373045e-03
-1.159183427290599866e-03
2.288501473013404564e-03
-5.459367332316666932e-04
5.530352820803940972e-04
-1.076634406294019186e-03
2.546928648694546382e-03
-3.407406344402286180e-03
2.821161449562126222e-03
1.416320126512715660e-03
-2.749302849580637087e-03
3.415513338822506739e-06
-6.515648574345611621e-04
2.030523315710297538e-03
5.423447602348474561e-04
-1.603112589321220582e-03
1.715056126272429537e-03
-9.501047483539970528e-04
1.364235677914216183e-03
1.426158719741721370e-03
-1.721306956403712007e-03
-7.025445084241077609e-04
1.511636844320207729e-03
-2.962616110102622713e-04
-1.189032847381810143e-03
-2.919592922978608840e-04
1.238337625109053874e-04
nan
nan
nan
nan
-3.186079029093846771e-03
1.471061945612639477e-03
1.869752657435164167e-03
-1.997151481480941015e-03
3.077776285098643427e-03
-3.291020942219891054e-03
4.484643463475990188e-04
1.761843387737549449e-03
-2.151757233992412921e-03
-5.291779250460315609e-04
2.029124263658310667e-03
6.695243366383607508e-05
6.879834923489980270e-03
-1.007665999053219963e-03
-1.394947483701614033e-03
1.071353060555502168e-03
1.108473195943204814e-03
1.364892121435978822e-03
-2.072560578547655297e-03
2.323994938802087518e-03
-1.934648233481439661e-03
2.300131114618686468e-03
-1.737343957530779193e-03
3.141863344624518106e-03
2.559332840101902207e-04
-1.333319702545576746e-03
1.874896570264183993e-03
-3.726183224972423602e-04
-2.974050237858349988e-04
1.157712297561452885e-03
2.758582486217520113e-04
-2.623824952641129471e-04
1.321666939824162057e-03
-1.668989765624129262e-03
1.459012677851312390e-03
-3.554939616901009458e-04
-2.069098261614499279e-05
5.996440808564429403e-04
-1.156111752109723056e-04
1.447665574128009780e-03
-3.336692216227010732e-03
3.125083518118465520e-03
-1.528047820864575357e-03
3.676416932241188817e-03
-3.043377566291916025e-04
-1.294709853771891517e-05
1.619121105056464671e-03
8.240129307779398005e-05
-3.829596192828077506e-04
-2.711576209757371458e-03
4.479203587970381761e-03
-8.137909579319924092e-04
-1.121770994083615136e-03
5.325080226770140257e-04
7.406358690786873922e-05
-2.053225792442159303e-03
1.221043698951262968e-03
2.295636616866936208e-03
-1.972879097955626548e-03
6.198772491750048630e-04
-4.314550385964288637e-04
5.487811997717528811e-04
-5.665183326342138059e-04
4.901204949669946132e-04
6.732501657946698970e-04
1.775357238797958814e-03
9.187028938262287170e-04
1.424476461076018552e-03
-7.085152487262824650e-04
2.359659419015613935e-03
-2.773572986281003239e-04
-4.747420460637918893e-04
8.419706140072591438e-04
2.602265450635243837e-03
-1.620115487577233893e-03
6.063583616988665881e-04
2.803396407680125435e-03
-2.347343877329155504e-03
-6.080072073588738135e-05
-1.363883677563126895e-03
1.888230020563597122e-04
1.702030644379348701e-03
-4.104340094790437377e-04
1.399968868898149310e-03
-1.367828971599038823e-03
2.120019118745375408e-03
4.622717405533549595e-04
1.994548242012506023e-03
5.679274283743040996e-04
9.194818019198081060e-04
-8.421146597159534508e-04
4.043774589623794213e-04
8.853735287139841148e-05
1.328514671028457883e-03
-2.532003344013489254e-03
2.304746152415049210e-03
1.045516284259306872e-03
-3.761877705454885756e-04
4.704914393416359530e-04
-1.618984345375107381e-03
2.465146138774798601e-03
-7.602778439252944054e-04
4.720715928607788214e-04
-4.939820109961523542e-04
-9.658033549575506527e-05
1.131677357046889654e-03
-8.522640035146800130e-04
1.481738511355246146e-03
4.555188466648374401e-04
1.283062014412195140e-04
-3.933938155897820366e-04
2.537208062602935854e-03
-1.648672559584341002e-03
4.698059744567828488e-04
-1.598467420205196277e-04
-1.011205472545295692e-03
2.211629058312958307e-03
-2.724471392623328825e-03
2.506482703878987195e-03
2.385004593596917744e-04
-1.673198319351865138e-03
3.149030028937183090e-03
-1.865415446999918458e-03
4.091849759024768218e-05
1.985320206676632893e-04
1.393497862367532036e-03
-4.029870061106333168e-03
3.945703613617013161e-03
-2.556601998726648617e-03
1.422397752803838955e-03
-1.857845256247880883e-03
-1.077258243997736287e-03
2.726285568388497893e-03
-1.779315358496624810e-04
1.261879994496339918e-04
-5.325693758884142426e-04
2.307690633340797604e-03
-1.816880069493986838e-03
1.209815933322921921e-03
1.158445349380698985e-03
-3.660165169439011379e-03
3.977599115589924850e-03
-2.466306676951468546e-03
-5.563684086773434956e-04
3.115986427593142594e-03
-2.997769164814201304e-03
1.697918878451609714e-03
-4.969738932603107173e-05
-4.205191596273749610e-04
5.913798951207027699e-04
-7.481590931224246788e-05
nan
8.827046622084111505e-04
6.613550399392487122e-03
-3.221013819787454935e-03
6.248493499416696295e-03
-1.128653437376669899e-04
-4.200636669660084976e-03
-3.346843897245044275e-04
-6.065945196565003528e-03
-1.979845800192947536e-03
-6.753744660803473465e-03
7.667677322009680552e-03
-4.565120782507037234e-05
-3.615832960490727999e-04
9.048669649569518469e-04
1.338560441488390040e-03
-1.773955896833268042e-03
3.798155399437064261e-03
-2.412317347477710427e-03
1.147693359682122605e-04
2.234882218399292242e-04
-5.911586203999341649e-04
1.005035836065815147e-03
-1.003405474597762748e-04
8.707494305593144190e-05
5.158762709456254925e-04
-4.029013358830546565e-04
1.172027333828928874e-03
-7.316896023845664843e-04
2.160067325451819897e-04
-3.871537246902256868e-04
3.551851130545458091e-04
-2.407274858828856168e-03
1.366406603886538562e-03
-5.302050974598238042e-04
3.957668880683051782e-03
1.211702515546697612e-03
2.211175714017521443e-03
3.575724256910106647e-04
-7.230368841537604396e-04
1.070270519831773015e-03
-1.109692527390127026e-03
5.790212081580037307e-04
1.793233590663412258e-03
-3.457900743486508333e-03
7.982040954446212311e-03
-2.362651123899439654e-03
-1.390567449444102266e-03
3.585830415708812779e-03
-6.112688068726779278e-03
2.362138259615065294e-03
-3.719253914613585010e-03
3.358364161898386158e-03
-1.148176806531342464e-03
-1.449908798256682729e-03
2.492362368555767205e-03
-2.605104992170481637e-04
6.385048461510223206e-04
1.882897116001203131e-04
1.971631318808952926e-03
-2.286830987108245949e-03
-1.196976773409907935e-03
3.287854579459015270e-03
-3.929631631316432561e-04
3.392972026916574180e-03
-3.856602419283206018e-03
2.145792464869344940e-03
-2.011459114814595495e-03
1.828022730299139198e-03
2.783676188222727887e-04
1.933401365761255875e-03
-1.712132682418765484e-03
3.263528377961399940e-03
-2.791690812409264311e-04
-5.655140813409786915e-04
-1.204881008687319621e-03
1.671289045024337838e-03
-2.071445880702516007e-03
1.874495953546606586e-03
-1.700900365031454697e-03
2.636856201654325105e-03
-3.205286544416541261e-03
-9.091713403130974314e-04
7.252258899970165373e-03
nan
-5.547498729274735751e-05
-2.361522080929212564e-03
4.041773017182670458e-03
-2.647589937954109018e-03
-3.971247858891580051e-04
1.894849902428497046e-03
-5.756739572149172091e-04
1.639951772669512309e-03
-2.751987585203341524e-03
-6.601385326931996644e-04
-9.194993767169812315e-04
7.905056629065043694e-04
2.320590473781081187e-04
1.716343077662330074e-04
-5.067684944237704769e-04
6.650739496238955439e-04
-3.179147939014193014e-04
-3.076317441452758317e-04
7.080603089404391426e-04
6.423041553738073617e-04
-1.921301688700971511e-03
8.471680707389239728e-04
3.469500120845125934e-03
-2.342331457838575659e-03
1.697835003677816701e-03
-1.729939131911439887e-03
3.371640624361127436e-03
-3.780293470323492500e-03
2.001673496265787833e-03
-1.510921434533241126e-03
1.165653128776256153e-03
-7.155596784658158072e-04
1.265217844492738664e-03
5.758973865344074738e-04
1.474239105059282906e-03
-3.699458219208473508e-04
-5.372262130487470699e-04
3.160880559738288298e-04
2.209292879529201059e-04
-7.206004943416388642e-04
-6.930553997919197684e-04
1.183134402538144059e-03
-2.506250997191816765e-03
1.614793427084926236e-03
-1.020591611400334386e-03
-2.536491896854009553e-04
2.938386572126638896e-03
-4.770411751120473554e-03
4.353869240891761194e-03
-2.946827260530415771e-03
9.999690397721749946e-04
-1.373311413987998719e-03
2.045573552766910552e-03
-3.893066742977069339e-04
-1.198707451532943224e-03
1.714633864380310513e-03
-3.083734761644141287e-03
1.711046073427091585e-03
-1.317592586624893869e-03
2.064506273957711358e-03
-3.004211919477306481e-03
7.878003804862032666e-04
-3.471644557495601191e-04
9.168782440394096511e-04
1.006758513977246139e-03
-1.710968776913457390e-03
4.398065076194335177e-03
-2.386568280732248581e-03
-6.786250396295656628e-04
1.163506856172169535e-03
4.097449999074243010e-04
-4.093959117268397563e-05
-2.584101986613518420e-04
6.206120942486847980e-04
1.355584634055162496e-03
-1.010729438666313484e-03
1.365636496419853074e-03
-3.689485203683950942e-04
1.393053591969284355e-03
-7.359712072885216116e-04
1.684141516267168015e-03
7.048689899313842488e-04
-1.706727972428101481e-03
-3.711636072600832392e-04
3.541317868949178660e-04
8.464864761803525539e-04
-8.375101864355194436e-04
-1.387354164961163150e-03
2.622717259881390817e-03
-5.183797938679290951e-05
1.776068798986507602e-03
1.649101735234914656e-03
-8.235612299234418288e-04
-8.675343462494211622e-05
-3.429440332824995608e-04
-4.280977029758048502e-04
9.938150936417144976e-04
-2.489825816887059062e-03
2.630599824438029088e-03
-1.003500963225878451e-02
-1.786103023959650926e-03
2.538756605918734977e-03
-2.414848584775253215e-03
3.480044376580337939e-03
-8.942815705736961718e-05
-3.380076562642386762e-04
-1.457530553139463336e-04
-1.557531489337904418e-03
1.256169553709440834e-03
2.080443675689380711e-03
8.643986038503470581e-04
-2.962728923328050712e-03
2.305791678947066714e-03
6.957871556245720512e-04
-3.616770041692252136e-03
1.832259222989129910e-03
3.840692753942498427e-03
-3.238302493646649793e-03
3.527278762160968029e-03
-3.045436135362677987e-03
1.878101827013090031e-03
-1.684303024718225572e-04
-8.920545656487810504e-04
-5.427814616099091438e-04
4.264032816836405004e-04
3.895907299655831935e-04
-2.614534687495062570e-03
3.909562584958337084e-03
-2.430301846212401529e-03
1.591825523750145521e-03
-7.322892189964846921e-04
-1.061559622872465525e-03
1.998183410201193055e-03
-2.954605139848798245e-03
-1.376075449710523202e-03
1.530610387834308028e-03
-5.471582827265564219e-04
3.084152864873956901e-04
1.961197437516659647e-03
-2.456025500008340856e-03
8.452366081046491786e-04
4.506203579168754914e-05
-1.875170256016023274e-03
3.616515656501562148e-04
2.245745085360795201e-03
-1.965205582366014170e-03
4.510990569550621387e-03
-3.033066717794685729e-03
2.254095197118388683e-03
-2.730901409275787728e-03
1.485306889326132307e-03
-2.148228892562276116e-03
9.041557663236332587e-04
3.331351049018493882e-04
-1.595913294905049185e-03
1.060637629257676906e-03
-1.236769763024447855e-03
2.411730557061453339e-03
-2.230984221662790645e-03
5.836421645311062889e-04
7.505441530497591884e-05
nan
-1.673799867807357344e-03
1.636852908992736388e-04
1.794604036087221743e-03
-2.945461104797431062e-03
3.261723597636212446e-03
3.067461381123237629e-04
-5.457360322314031009e-04
7.548639653354172196e-04
-1.120309187041534926e-03
9.011680153214740585e-04
6.010315662718923591e-04
-1.703650828599467815e-03
9.712865211231047624e-04
nan
nan
nan
nan
2.188314776940813999e-03
-1.424516126158348328e-03
-1.183480809729964278e-03
1.313211609965669879e-03
-1.232573207743392629e-03
1.220886614827776384e-03
-5.552405035191831928e-04
-1.998533275893166206e-03
5.862865044803378112e-03
-2.403361643488199917e-03
1.301242504059274552e-03
-1.220335817619933039e-03
2.021607606206288210e-03
-1.833593465949689971e-04
3.217266844601773812e-03
-1.101110623091816620e-03
-2.088532591626446333e-03
-7.193006987815664388e-05
1.012130049526938080e-03
-2.638897951201535363e-03
1.150104732450252243e-03
-1.370662430322244774e-03
1.185297324690637311e-03
9.931802481988327713e-04
-2.108119166865929373e-03
-7.732905341728546489e-04
6.953821300559326346e-04
-1.837952429228906226e-03
1.910821939121731816e-03
-1.157060330969628126e-03
1.139880167078111128e-03
-1.890357774791961987e-03
7.750517518223531965e-04
2.779444212563930705e-04
-1.887591439464486598e-03
2.406660076270661364e-03
-9.750523404350452950e-04
-1.299641544394436465e-03
8.594377550741327809e-04
4.591335341919133839e-04
-4.048088528829651978e-05
-2.033507942877932351e-03
2.912808588173554369e-03
-3.172605771062375624e-03
2.227577578151063165e-03
-9.304028506185169078e-04
-7.026923946384933117e-04
1.491902658412591620e-03
-2.534108897833675655e-04
-9.646821155451235086e-04
3.307360841131590234e-03
4.606857398448127583e-04
1.319409279187944151e-03
-9.320758341813117909e-04
1.031334269052663899e-03
-4.729620641352738630e-04
-1.088526983217263933e-04
3.341291969771731374e-04
-1.717493737540820575e-03
1.682922961543376061e-03
-2.892091220729753331e-04
1.693705905503328779e-03
2.921626029328550089e-04
-1.038945348308395467e-04
8.653647826761812212e-04
2.376029207540319987e-03
-8.890860551780122023e-04
1.846324509391372715e-03
-3.474747213960682757e-04
-4.535840597341689318e-04
1.332347567317704318e-03
-2.473797322144477562e-03
8.191642820065681008e-04
3.615745278118254191e-03
-5.230111771725720615e-03
2.004825990908898348e-03
-1.923379430168736803e-04
3.945584706732674363e-04
8.180410111968683395e-04
-1.406571258166788851e-03
2.176049642987898380e-03
-1.803353434348675677e-03
2.351412187762136341e-03
-1.790308993498967993e-03
2.192662542910284174e-03
-3.650073619909655065e-04
1.582705496283587365e-03
-5.960895400169974323e-04
nan
nan
nan
2.897376950938834739e-03
8.075876832602801869e-04
1.917557093245036981e-03
2.733627542994554460e-04
-2.561387031585482532e-03
2.015172696689937482e-03
nan
2.192191811500876497e-03
-1.419423706505718030e-03
2.273657672247075823e-03
-2.449623594014127548e-03
1.904651774276011622e-03
-2.104466946351024603e-03
3.619451468983569953e-04
2.647082575135684124e-04
nan
-2.294331104990554593e-03
1.852839333404965316e-03
-1.982697983426984223e-03
2.234799516731555968e-03
-2.935965967210130145e-03
-3.862269626009329215e-04
2.793995035976770680e-03
-1.131017622701957492e-03
-4.268520609984616243e-03
4.736099302182772419e-03
-7.448636295293020737e-03
-1.295700352232920238e-04
3.453219577109756244e-03
-1.891715390733850199e-03
6.152877269460788057e-04
1.355266601388294134e-04
9.888163096993807244e-04
2.573123844662461579e-04
8.675880915909317537e-05
2.391495070863669525e-05
-1.499658418813165639e-03
7.649271499987619904e-04
2.236747096451274786e-03
-3.870453273802088034e-03
4.236048428496452800e-03
-9.926429933249103499e-04
-1.074996875172207211e-03
2.050054900060160890e-03
-2.482625493793744198e-03
4.850480357365682949e-05
2.235491429258829044e-03
-2.543100782548268768e-03
2.474099811244911962e-04
-3.012056903461957091e-03
-3.930722426437327499e-05
-1.462946154828781431e-03
1.528842260234419825e-03
1.528763425295842637e-03
2.722346797989771972e-03
-2.059369646645325957e-03
1.046970201468155892e-03
1.011898085812035220e-03
-1.247312679242273958e-03
-1.772795366472568190e-03
2.592407446155853279e-03
1.008333072083367199e-03
-2.620270187581041910e-03
9.537533653736218753e-04
-5.300383122963658877e-04
-9.791154716665140256e-04
3.918628513677191449e-04
7.065597069422224763e-04
-1.453154793729094507e-03
3.427695996616186846e-03
-2.036964108231842374e-03
-6.738750015444772146e-04
2.968195378372229243e-05
6.340999358700472044e-04
-3.514728030173941420e-04
9.541657940870251764e-04
-3.408408222627112849e-03
3.333865378984945949e-03
-9.933689686714153311e-04
-1.652836115140221551e-03
1.307295596286728312e-03
-2.137725132955736740e-03
4.375322977012707781e-03
-3.896124539326528691e-03
5.632373408093194200e-03
nan
nan
nan
nan
nan
nan
nan
nan
2.476265438322577950e-03
-4.901340635243833788e-04
-3.510959099539689987e-03
3.292269510390966047e-03
-2.362921716470012257e-03
-4.748016632083462696e-05
-9.813583110029888701e-04
-7.269491689942952917e-04
2.797264574638802515e-03
-2.443274282659668728e-03
4.077502829380463822e-04
-4.355872620931400263e-04
2.252582502415556576e-03
-2.259357589939892108e-03
1.081173139483304624e-03
4.425850900879879646e-04
-1.266995799398262790e-03
-2.248345745281543628e-03
-1.603510296366295051e-03
7.920989677279166585e-04
-1.189332455064917582e-03
2.911579338849001886e-03
-1.373798453574437417e-03
1.548189049938031303e-03
-3.951329212170673344e-03
2.176213239657442955e-03
2.876831738896079571e-03
-4.573550065667397746e-03
4.702335281359104613e-03
-1.393835927265829611e-03
1.274557050789937307e-04
-1.103543849534371901e-03
-7.882313419527164911e-04
3.323831144697031448e-03
-7.215183782594003503e-03
-6.010707762738043414e-04
1.853046036415229025e-03
-4.113541459682679147e-04
1.946350953518916072e-04
1.420514225913827033e-03
3.361717302641231697e-03
8.408479601706986273e-04
-7.327342423146809836e-04
3.021666622515795098e-03
1.035938258286961400e-03
-3.440878781746370407e-03
2.322376280550209060e-03
7.815288627366356877e-05
-6.606976379663898058e-04
-4.330506061633876413e-04
1.158825914115979572e-03
7.043082833391167696e-04
-6.830694909920609348e-04
-5.819512474136701030e-04
-1.150295755503183415e-03
1.187300660077106329e-03
3.385082706586217682e-04
1.605701749407550949e-03
-2.879920831100335477e-03
2.149600658118977492e-03
-2.923663430909329009e-04
-5.135774316933350292e-04
4.996423095260382752e-04
-2.443509736183013814e-03
-2.579466574448296967e-04
2.137739476770761371e-04
2.577581229346037617e-03
-3.488889693947783144e-03
3.676162213062106332e-03
-4.933761226233457364e-04
-1.120862951220491510e-03
-2.068691596246452491e-04
-2.739467775736414978e-04
1.821754523301244433e-03
-1.327790208238699421e-03
8.606937597521735483e-04
-7.313728887070602980e-04
2.435314282434042354e-03
-2.056701725228204936e-03
1.055581803743876890e-03
3.645521244877159006e-05
2.521070076788589631e-03
1.000159032704672768e-03
7.601367213894150154e-04
-2.834599418988226205e-03
5.429985458582642366e-03
-2.642832013255436152e-03
-7.232820083857838256e-04
8.675507294331197272e-04
8.719695453462961154e-04
2.370272278762186602e-03
-2.163257666365492327e-03
3.824417256304002422e-03
-3.138907435651372424e-03
-1.546048665346244633e-03
6.337907068498793706e-04
3.003581216365347473e-03
-1.743755696781423836e-03
1.790062996431807107e-03
-1.682932724100805189e-03
-1.803690243451505637e-03
8.752539940148906794e-04
7.990255414425107006e-04
-2.603880216711651485e-03
4.421146697164424211e-03
-2.255886710333943057e-03
3.790546243109815805e-04
-5.325853459359208841e-05
1.217311275159005390e-03
-1.728169675918600490e-03
1.917945302243317940e-03
4.344786500354302916e-04
4.836149486431295941e-04
1.815902900781374285e-03
1.509668498034244521e-03
5.412390029713165518e-04
-2.693342215254190819e-04
-3.062716590374048309e-03
-2.325170150974109617e-04
2.625486453977643464e-03
-3.255628713783043082e-03
1.577166659139095373e-03
1.258845576290745782e-03
-1.445535467803349405e-03
9.587194101712270822e-04
4.595951918817675619e-04
-1.436954638212029067e-03
1.281283243792508131e-03
1.017876047693100361e-03
-1.302245168577353951e-03
-4.713842346348862122e-04
8.578266218917107722e-04
1.836975511348981627e-03
8.441503162481822642e-04
-1.960571547232614620e-03
-5.848187901502654995e-04
5.838333006158435978e-04
1.231403790491469863e-04
-2.026815289257744013e-03
5.304772724112893911e-03
-3.297355107745314484e-03
1.060767843941157196e-03
-5.983373642104439227e-05
-1.884955669861909655e-03
1.349208098422316482e-03
9.063729369929163227e-04
2.247305047609060580e-04
9.285653949753225334e-04
4.549136150444610394e-04
1.264321468141815785e-03
-2.370835781362323758e-03
3.371390039297317287e-03
-3.630004776222772733e-03
1.345078534353838506e-03
1.665964511898820888e-03
-9.557736289078633263e-04
-1.150236677316396339e-03
2.807972724339080628e-04
3.370933492541361431e-03
-5.945019945197138611e-03
nan
2.666617895608069944e-04
2.320258270027686365e-03
-3.739030634331008685e-04
-4.754632009329462505e-04
2.464016648184852443e-03
2.710892333945835730e-04
-2.849892673961740286e-04
3.264266461289189181e-03
7.249551889243477376e-04
-1.093739031587936950e-03
-1.037519720481494545e-03
5.348066248744842710e-04
-2.653063084256945814e-03
1.795723943165405956e-03
-1.715239507982246892e-04
-1.997497248840129913e-03
3.799024992612309859e-03
-3.396192616111903817e-03
1.754261774178367261e-03
-7.400137462809652789e-04
2.930558866021115705e-04
1.167053425943365141e-03
4.320052199568991114e-03
-2.457868474947666471e-03
-1.393052738807298851e-03
-7.545215392812387734e-04
1.405464524761868006e-05
7.595281035888135079e-04
2.245941531353601306e-03
-1.917064477607866024e-03
4.379132196574708757e-03
-1.304320091899402456e-03
1.195058210323729497e-03
2.604835397601590330e-04
8.933538894861925428e-04
3.152925016625118815e-05
1.730622670215176129e-03
-1.982324637006538381e-03
2.821799372565436670e-03
-1.170534280914292680e-03
-5.206043633854129382e-04
1.335277401670609265e-03
-3.913796474130926129e-04
-7.698128521860247986e-04
-1.234330948673978412e-04
-1.120055013259513288e-03
-1.106329751268120276e-02
3.403093466536333267e-03
-2.434712049215193019e-03
1.583628899193278983e-03
9.339859865509225756e-05
-5.304932417904417719e-04
7.896109740057610793e-04
-1.621919894612133817e-04
-1.902400696973671756e-04
-1.138999212912938930e-03
4.474146665200962047e-03
-6.325792877848179785e-04
3.807717219084238991e-04
1.465995884109005942e-03
1.668349916283951018e-03
2.101867638515386716e-03
-3.065439604343911384e-03
-5.534306323429216690e-03
1.844870509559726202e-03
2.396519070302360888e-03
-2.027221620604091612e-03
3.018548169531065639e-03
-3.186488288919875345e-03
2.274749678088383575e-03
7.126419396819017038e-05
-3.839283563178419456e-04
1.947470881269453002e-03
2.239463773712202510e-03
-3.349711766964524884e-04
2.294837261929139061e-03
-1.449498124872494742e-03
1.175432040056989536e-03
-2.021238206861841746e-03
1.981039834042519487e-03
2.683261253189073159e-04
-2.845593699007942234e-04
8.593407657242480013e-04
-2.079169437207983862e-03
1.125112123978588841e-03
9.573170699050947974e-04
nan
nan
nan
nan
nan
nan
nan
nan
nan
nan
nan
nan
nan
3.958158084849117131e-04
-1.492619624132718315e-03
-9.584264467288328149e-04
1.752842608593319085e-03
-3.567427224304697830e-03
1.484083888647624860e-03
5.169063082099967232e-03
8.643811524766675802e-04
-4.074798910913557393e-03
1.343723140245778325e-03
-1.807244308538180633e-04
-8.502650729158567344e-04
1.747765833504111299e-03
1.712983827517611246e-03
-2.023840697362722096e-04
-2.259598881115820745e-04
2.175330675213693610e-03
-1.157981225885507115e-03
nan
nan
-1.360008259454481561e-04
5.360458831726866435e-03
1.688942673672144679e-03
-3.802014210541049266e-03
5.276444228208276854e-03
-1.731318998887676486e-03
4.463571918522646342e-04
3.158147978687964041e-04
7.360523434751797822e-04
-3.895052971047974211e-04
-4.274757761102421227e-04
-1.496878601692230859e-03
2.278447062997734918e-03
-1.449985983492663166e-03
2.342578076874879400e-03
-3.080801755261930452e-03
4.363266576268287622e-04
5.212929533593424480e-04
-3.918842283245904667e-03
2.548768764421005528e-03
-1.056047538094961880e-03
4.171497621996422822e-04
-2.381434732079412697e-04
1.646838815094753272e-03
-2.055712647930363346e-03
7.044128679689620753e-04
5.671606521984173810e-04
-1.832908602927840747e-03
2.714647159596239590e-03
-1.441101722277071673e-03
1.039885627274195201e-03
1.914887942811027699e-03
-1.769321525169065268e-03
2.694841038719530957e-03
-5.494988774890074978e-04
7.877567058889312079e-04
2.052175675171241664e-04
-1.251430383508722599e-03
-1.508958050588926625e-03
-1.736266238006045626e-04
-3.868415919372480971e-04
-1.634109300729935654e-03
1.994679843253521767e-03
1.454637731046481974e-03
-1.149219288354430546e-03
2.740920984578565367e-03
-1.069614856452627549e-03
-3.513592960247002850e-04
1.277220246787003077e-03
-4.532746538110643542e-04
-9.104000846860138552e-04
2.285423113224105407e-03
-1.389451229449889524e-03
2.039937400422076053e-03
-3.808883498634951792e-03
2.591312438182669098e-03
-2.024948648937652251e-03
1.336167022825129891e-03
-1.290982818835662016e-03
4.124246344217041838e-04
2.220771584182656966e-04
nan
-1.378474424529319009e-03
2.613749345492522025e-03
-8.085964440129878028e-04
-3.382934495532730068e-04
2.999308412499068766e-03
-1.666827378798974024e-03
1.275480074580670475e-03
-1.164626032912341458e-03
2.070597292447295956e-03
-5.150563865297108634e-04
5.655379970992413519e-05
1.333873370268356950e-03
-1.957238736594035799e-03
1.018067957048174321e-03
8.899563163522472564e-04
1.657442246338902692e-04
-1.367082313830092488e-03
2.705090147592237315e-03
-5.153231443122407995e-04
3.359879068298710081e-04
2.558061075408346596e-03
4.127678510901233722e-03
-2.986082558498193151e-03
2.172276352840896152e-03
-3.724382743686138753e-03
3.758453119284688171e-03
-2.802028907034070926e-03
1.189292843695177737e-03
9.019987967429088371e-04
-4.543808238655078213e-03
5.613000571447201992e-03
-1.321586196634250143e-03
1.751051108489498631e-03
-1.351365124280246022e-03
-5.019587543397818763e-04
1.308612020523014507e-03
-1.536995674822350111e-03
2.839071006066617997e-04
1.989154862824804582e-04
6.517178728238093299e-04
2.105821438935784329e-03
-2.551175154896778707e-03
1.088328201159782793e-03
-1.125175214589102524e-03
-6.318677307937115017e-04
8.337703438776600251e-06
1.502706126443875689e-03
-2.594420994717072659e-03
1.315375013910546897e-03
4.040927982451592015e-04
1.693569890259816191e-03
-1.272041103128618289e-03
1.928572287246410610e-03
-2.526495565458031223e-03
1.877651513626510393e-03
-5.648960832771443563e-04
4.175896060720774017e-04
-1.238577948836638853e-03
2.849074418853625446e-03
-2.840551253102674423e-04
3.255693985293461878e-03
-3.207868947330272391e-03
4.493520783066529134e-03
1.024657978465626229e-05
3.082979994961654313e-03
-2.062555292114964800e-03
5.881255377371275017e-04
1.182647103403766664e-03
-2.730330714362239064e-03
1.479331673315265050e-03
-2.057558873236331465e-03
-2.730128646155627337e-04
-3.677121486633794234e-04
2.280762698680938172e-03
3.403906235766029909e-04
-7.989603810987233601e-04
-7.349688686986155517e-04
1.556723323825615068e-03
2.996829100210263164e-04
-1.597619518078907674e-03
nan
nan
nan
nan
nan
nan
nan
nan
nan
nan
nan
nan
nan
nan
nan
nan
nan
nan
nan
nan
nan
nan
-1.155986188550173210e-03
2.790870594404637473e-03
-1.206111126528242039e-05
-2.443572312704755944e-03
1.720592907261675464e-04
-7.736566899896324401e-04
-9.174321792371209483e-04
1.426597744491608921e-03
1.250553542675447716e-03
-6.817527738900430734e-04
3.366574558461010724e-04
1.047737853521191198e-03
-2.504117351831425253e-03
2.894086370197612723e-03
-2.562225781743698860e-03
-3.330901630071991804e-05
1.153561957090154522e-03
-6.222470581351835506e-04
-2.058029046547726892e-03
1.558166844350949987e-03
-1.752372429153492561e-03
5.990745634232297334e-04
2.232468404139709151e-04
-2.334911123236249608e-03
8.013451240795887998e-04
1.231212309971141394e-03
-7.628502908474388278e-04
-1.536513606570366619e-03
8.820450456470396716e-04
-1.263112294969115368e-03
1.134625173149217403e-04
7.907330527245903795e-04
5.490338010671891311e-04
1.798094799720928449e-04
-2.135336321895664469e-03
9.888196981222563409e-04
-2.153005610461278252e-05
1.061450868089508504e-04
-2.685055384032963843e-04
-1.886256362904070727e-03
2.493379728574218746e-03
-7.683276389114368499e-04
5.414088229072078207e-04
2.220192653723529475e-04
5.141576581380036259e-04
-2.412534573992264342e-03
-9.465551588649923076e-04
4.360478004006296260e-03
-1.059096117694835471e-03
3.294832370714928516e-04
-8.309936410655360817e-04
9.979716444563635491e-04
-1.826478929189967459e-03
-1.805144020927684778e-05
-1.966561150956724902e-03
1.288420248246602284e-03
-6.926786693672859485e-04
1.992323236832405087e-04
4.505718286695881147e-04
2.894301384559483381e-04
-2.505304001376718048e-03
3.203826377928820079e-03
-4.414672748254133694e-04
-1.657638333851796375e-03
1.100448217483673830e-03
-9.135533007409435413e-04
9.626458621125877357e-04
-1.188200664792304906e-03
-5.896233818636353874e-04
8.685164371469156208e-04
-9.885156930011795851e-04
2.443691074138776287e-03
-1.510733699250366158e-03
nan
nan
-1.846900960278397008e-03
2.175969963524870820e-03
-1.350768160879312063e-03
-3.241608493520509171e-04
2.248893668843621185e-04
-4.617963512365541590e-04
1.586473264247878490e-03
6.949658264421287868e-04
-1.574348103761114004e-03
4.005949835139688275e-03
-4.460777844894625588e-03
4.910787487921730587e-03
-3.241340069826126324e-03
1.083331681273058678e-03
1.200267691903178502e-04
-2.863078458681389549e-03
8.054555962200282693e-04
-1.179997689781941972e-04
1.917755519964536859e-03
-1.216777635959509496e-03
-1.524932343255347433e-03
3.364357367652281994e-03
-1.426993239095342147e-03
-5.510155111632109026e-04
-1.176293686566687313e-04
-3.030828961692044743e-04
1.190729193489836746e-03
-1.679263592535562566e-03
-6.636278083949065376e-04
4.147581882230078065e-03
-3.164937302613246572e-03
4.839585781013511223e-03
-2.682872214199161220e-03
3.572667142170971033e-03
-1.052912088628232823e-05
-6.073233111969500442e-05
1.478230594864626823e-03
-3.339947888969518885e-03
7.569319426359299996e-04
1.090562987138277151e-03
1.039071566655280776e-03
-8.128830520370833312e-04
-7.091774499090597317e-04
-3.130127272932270444e-04
1.091343267178856991e-03
4.387741368017117338e-05
-3.440613284222404644e-03
1.701278389143467962e-03
-6.173126623210123398e-04
-6.674098670722550253e-04
2.580416969655274784e-04
5.424337459647432524e-04
7.551369491265447209e-04
-4.638902360598606833e-03
2.923844488500471073e-03
1.631680484837083611e-03
-3.325616044047574604e-03
1.665167943443179865e-03
-4.541434665550347916e-04
4.773572913618906455e-04
-1.021918317634096240e-03
5.191175367125211437e-04
1.053951955531928775e-03
-1.706139058033073752e-04
-4.141709647687008555e-04
1.163172057339068033e-03
-5.783784056023755227e-04
-1.569801090750555517e-03
1.327997896805044320e-03
-2.150732205807859287e-03
3.020374064521824664e-03
-4.494875567973011243e-04
-2.697707356236200837e-03
3.408683065742046381e-03
-5.526704976444030137e-04
2.724692940403450336e-03
-1.014523488251928285e-03
9.558496816497452642e-04
5.189301855113015449e-04
-1.189798000122976873e-03
-6.592586787590448694e-04
-6.091800573093664184e-04
3.455991452905315953e-03
-6.091360700843928555e-04
1.192710223785198309e-03
-2.016833953832897208e-03
2.055916112864153433e-03
-3.804589189249085734e-04
-1.942791068232363472e-03
5.844900728524393685e-04
5.852826811647560135e-04
-7.062399887014514377e-04
-7.347227922394061750e-04
-2.162722298360009177e-04
1.854885361729508020e-03
-2.826594992899611469e-03
2.284217044756786663e-03
-1.386590070895366011e-03
9.668917897442952381e-04
-2.277346370815891419e-04
6.005248202045621042e-04
-2.956946581167407828e-03
3.863518390212483666e-03
-2.051513869916199440e-03
8.868184820931546142e-04
-9.864054566377511435e-04
9.330968256282545781e-04
-1.621164594378665669e-03
2.470172270108150769e-03
-1.503299047656003751e-03
-4.203148029535697106e-03
4.439102863940114219e-03
-7.730903469060912414e-04
-7.074102337245591343e-06
-2.080127891213034985e-03
-2.333148576227905835e-04
9.616888897223674348e-04
9.341445373456380707e-04
-3.107312067596179617e-03
2.770098573923185370e-03
2.397005258947260131e-04
-8.749885347492103449e-04
-9.078559861541712905e-04
5.459688906750415072e-04
1.959866380674135655e-03
-1.744036140893800990e-03
nan
-1.249592734930971005e-03
8.373217536883359458e-04
2.605758949991709983e-03
-2.759971261201421555e-04
1.055229165380922041e-04
-1.105748596541555884e-03
1.118637046704229476e-03
3.555594593862565489e-04
7.270523191271749397e-04
2.091607299470332748e-03
-3.321160890168428637e-03
1.078832511591798493e-03
8.650651801112019257e-04
-1.395383456181953363e-03
-8.438811457733841337e-04
5.603807238685476477e-03
nan
nan
nan
nan
nan
nan
nan
nan
nan
nan
-8.285850186651178007e-03
-5.477388996499854557e-03
3.537102674844305739e-03
-2.433967236392664546e-03
3.309885023172753904e-04
2.196285349520543662e-03
3.941008728469697076e-04
7.004868260995777973e-05
-1.090427072769628580e-03
2.151257059801459093e-03
-2.461894236471806607e-03
1.010860616257325262e-03
9.068690930424949670e-04
3.461589173747725567e-04
3.364624181023678773e-03
-2.263516584388725050e-03
-2.838206361488460061e-04
-2.498285108565312385e-04
-7.668424286122466071e-04
1.137372832360483699e-04
9.509947446639799296e-04
5.844010003253075070e-04
1.625408611083400956e-03
1.746389715506779794e-04
-1.847520437381344749e-03
8.174389653392566402e-04
3.719668340007586949e-05
1.180173490711311501e-03
-2.040330409247559373e-03
-4.475416360505413138e-04
1.771176522535888864e-03
-1.677236427666262131e-03
2.808847693036575777e-03
-1.269322445984766290e-03
-2.799406826570205453e-04
nan
-2.051046881723639359e-03
-1.067751473904365866e-04
1.964130478460113238e-03
-9.361480259872934084e-04
-1.259069739478757555e-03
1.180650701049223983e-03
-2.159373775523221184e-03
2.352027285756896902e-03
-2.580213629999050795e-03
-7.346161625787495097e-04
4.670631534398062001e-03
-3.317439508598862830e-03
1.786546688831158747e-03
-2.879593936810920241e-03
2.047932087223536257e-03
-2.251920559526165988e-03
2.801553259823563735e-04
1.820794971774120086e-03
-1.590521256789045879e-03
-1.061073522590216811e-03
2.050135579367839966e-03
-3.495637440842358501e-04
-5.740781788943216668e-04
2.339354689762096484e-03
-8.859108596492859533e-04
-5.046673013264779684e-04
-7.884455952456015382e-04
-3.679242110976588265e-05
-8.245870236733843228e-04
4.552475043162473867e-04
3.037247251036490070e-04
-1.256021023687825533e-03
2.364533558885106856e-03
-2.020884671183331704e-03
1.160159085333845042e-03
-1.799710122440956184e-03
1.425172421853915239e-03
-1.873382348926977414e-03
-3.155807890120598813e-04
-8.609641573231741063e-04
1.784294644058270762e-03
-6.452535648127089019e-04
-3.463868951336657176e-04
2.604430045138883543e-03
-4.321339875823504428e-04
-9.014602108892155741e-04
9.182397406215514479e-04
-9.787999837862493280e-04
5.044911188911704869e-03
-8.892004152327714905e-04
7.624912722770105233e-04
-9.349832980398709026e-04
3.037564639374323860e-03
-1.092582764472549428e-03
-1.165181140494464529e-03
-1.084116289562508939e-03
3.102793072318199563e-03
2.117515285338100739e-05
1.984877734551027118e-03
-8.557452547020005795e-04
2.532180493042268665e-03
-1.318011068252022966e-03
-3.059290898499433808e-04
3.593363856357889574e-03
-4.590391524805781387e-03
1.264632638964258149e-03
-2.479797809273875941e-03
-1.554103136436335575e-03
1.287894455281879402e-03
-5.215969512417650833e-04
-8.644603569973874357e-04
-2.689215326368010750e-03
-3.748170687034590998e-03
3.190593031199284724e-03
6.870924608737283279e-03
8.538045148664963335e-05
-2.273620468529191641e-03
3.329319437228583922e-03
-2.362372282604940921e-03
2.374273495053813576e-03
-1.059434390493496636e-03
-9.240657162901122490e-04
3.352721170979400256e-03
-1.715740295604728516e-03
1.872962994831084416e-03
6.978244469602046252e-04
5.712958556225444795e-04
-6.038083833403984357e-03
2.742519971987711358e-03
-7.449813769100366301e-04
2.514872507664023260e-03
6.408663685064652782e-04
1.434916309350775521e-03
-2.391066236595573713e-03
2.043199983114973861e-03
-1.232241193760419407e-03
1.331828715311900169e-04
-8.446086769531291338e-04
6.497793968218701366e-04
-1.361975454416963771e-03
1.527543950374798953e-03
-1.863740726781859536e-03
2.267817168855046361e-03
-2.376331634756922995e-03
-6.104176347720979834e-05
-5.728432830864882419e-04
-2.114280236553689463e-04
8.407206091742835952e-04
-2.143290904810246644e-03
7.422162870085458053e-04
7.215286030648471183e-04
-1.529047270720784724e-03
2.193485143853202146e-03
-4.368005501320659789e-03
4.610036543017947963e-03
-1.418878345593732604e-03
nan
nan
nan
nan
nan
nan
nan
nan
nan
nan
4.406084503916218864e-04
1.302484283693949862e-03
1.862808357344647447e-04
-7.733670625009736455e-05
-1.267100497615025745e-03
3.688005733470944847e-04
-1.060672948904883839e-03
2.284711811562090134e-03
4.399644639607735996e-03
